Arduino Control de Temperatura Simple (5000ms)
-y20:45 -l36 -l38 -l40 -tTemperatura -tCalefactor -s1 -s30
26.18 0
26.36 0
26.36 0
26.45 0
26.45 0
26.45 0
26.45 0
26.45 0
26.45 0
26.54 0
26.54 1
26.54 1
26.71 1
27.34 1
27.96 1
28.68 0
29.59 0
30.23 0
30.04 0
29.86 0
29.77 0
29.59 0
29.31 0
29.13 0
28.95 0
28.86 1
28.77 1
28.86 1
29.49 1
30.32 1
31.43 0
31.99 0
32.17 0
31.89 0
31.71 0
31.52 0
31.24 0
30.96 0
30.68 0
30.50 0
30.32 1
30.13 1
30.32 1
30.87 1
31.52 1
32.46 0
33.31 0
33.88 0
33.50 0
32.83 0
32.17 1
31.71 1
31.80 1
32.27 0
32.46 0
32.36 1
32.08 1
32.55 1
33.12 1
33.88 1
34.46 1
35.15 1
35.64 0
35.74 0
35.44 0
35.05 1
34.76 1
35.05 1
35.54 1
36.13 1
36.63 0
37.34 0
37.14 0
36.83 0
36.53 0
36.03 0
35.54 0
35.05 0
34.76 0
34.37 0
34.08 1
33.88 1
33.98 0
34.46 0
34.37 0
34.27 1
33.98 1
34.27 0
34.76 0
34.76 0
34.46 1
34.37 1
34.46 1
35.15 1
36.03 1
36.83 0
37.54 0
37.24 0
36.94 0
36.73 0
36.23 1
35.74 0
35.44 0
35.24 0
35.05 0
34.76 0
34.56 0
34.27 0
34.08 0
33.79 0
33.69 0
33.40 0
33.31 0
33.12 0
33.02 0
32.83 0
32.74 0
32.64 0
32.55 0
32.46 0
32.36 1
32.27 1
32.36 1
33.12 1
33.79 1
34.66 0
35.34 0
35.24 0
35.05 0
34.95 0
34.76 0
34.46 0
34.17 0
33.98 0
33.79 0
33.60 0
33.50 0
33.31 0
33.12 0
33.02 0
32.93 0
32.74 0
32.64 0
32.64 0
32.46 0
32.46 1
32.36 1
32.46 1
33.12 1
33.88 1
34.76 1
35.44 1
36.13 0
36.43 0
36.23 0
36.13 0
35.93 0
35.74 0
35.54 0
35.15 0
34.95 1
34.66 1
34.66 0
34.95 0
34.85 0
34.66 0
34.46 0
34.08 0
33.79 0
33.50 0
33.31 1
33.12 1
33.31 1
34.17 1
35.05 1
35.84 0
36.63 0
36.94 0
36.63 0
36.43 0
36.13 1
35.74 0
35.64 0
36.03 0
35.84 0
35.54 1
35.34 0
35.24 0
35.74 0
35.54 0
35.24 0
35.05 0
34.76 0
34.56 0
34.37 0
34.27 1
34.08 1
34.17 0
34.66 0
34.95 0
34.46 0
34.17 0
33.98 0
33.88 0
33.79 0
33.69 0
33.50 0
33.40 0
33.31 0
33.12 0
