Arduino Control de Temperatura Simple (5000ms)
-y20:45 -l36 -l38 -l40 -tTemperatura -tCalefactor -s1 -s30
22.10 1
22.10 1
22.01 1
22.27 1
22.70 1
23.30 1
24.26 1
25.04 1
26.01 1
26.98 1
27.60 1
28.05 1
28.59 1
28.95 1
29.22 1
29.68 1
30.13 1
30.32 1
30.50 1
30.87 1
31.15 1
31.43 1
31.99 1
32.27 1
32.46 1
32.83 1
33.50 1
33.79 1
33.88 1
33.88 1
33.98 1
33.88 1
34.08 1
34.37 1
34.46 1
34.56 1
34.37 1
34.56 1
34.76 1
34.66 0
34.85 1
34.27 1
34.27 1
34.37 1
34.66 0
34.85 1
34.17 1
33.79 1
33.88 1
34.37 0
34.46 1
33.79 1
33.50 1
33.69 1
34.08 0
34.46 1
33.79 1
33.79 1
34.17 1
34.66 0
35.15 1
34.56 1
34.66 1
34.85 1
35.34 0
35.54 1
34.76 1
34.85 1
35.05 0
35.24 0
34.66 1
34.08 1
33.69 1
34.27 0
34.66 0
34.08 1
33.50 1
33.50 1
33.98 1
34.46 0
34.85 1
34.17 1
34.08 1
34.46 1
34.85 0
35.05 1
34.85 1
35.15 1
35.74 1
36.23 0
36.23 1
36.03 1
36.33 0
36.53 0
36.03 0
35.54 1
35.05 1
34.95 0
35.44 0
35.44 0
35.05 1
34.56 1
34.66 1
35.24 0
35.44 0
35.24 1
34.76 1
35.34 1
35.93 0
36.33 0
36.23 1
35.93 1
36.33 0
36.43 0
36.53 0
36.13 1
35.64 1
35.93 0
36.33 0
36.23 0
36.03 1
35.54 1
35.74 0
35.93 0
35.84 0
35.54 1
35.15 1
35.05 1
35.64 0
36.03 0
35.84 1
35.44 1
35.84 0
36.53 0
36.73 0
36.13 1
35.54 1
35.34 0
35.34 0
35.15 0
34.76 1
34.27 1
34.37 1
34.95 0
35.93 0
35.93 1
35.15 1
34.95 1
35.34 0
35.34 0
35.05 1
34.66 1
34.95 1
35.74 0
36.13 0
35.93 1
35.64 1
35.34 0
35.74 0
35.64 0
35.54 1
35.24 1
35.34 1
35.93 0
36.43 0
36.23 1
35.84 1
36.23 0
36.53 0
36.53 0
36.23 1
35.93 1
36.03 0
36.33 0
36.33 0
36.13 1
35.84 1
36.13 0
36.53 0
36.53 0
36.33 1
35.93 1
36.23 0
36.83 0
36.73 0
36.53 1
36.23 1
36.43 0
36.53 0
36.33 0
35.93 1
35.24 1
35.24 0
35.34 0
35.15 0
34.56 1
34.08 1
33.69 1
33.98 0
34.37 0
